deviceid,latitude,longitude,cluster,address
104,37.4814918,126.8837161,8,대륭포스트타워6차 벚꽃로 298 
